           -1.000000                0.000000               -0.000186                0.007743
           -1.000000                0.100000               -0.046633                0.026871
           -1.000000                0.200000               -0.086768                0.054128
           -1.000000                0.300000               -0.119161                0.067160
           -1.000000                0.400000               -0.144177                0.089100
           -1.000000                0.500000               -0.160650                0.148090
           -1.000000                0.600000               -0.166972                0.166810
           -1.000000                0.700000               -0.158175                0.290711
           -1.000000                0.800000               -0.120705                0.433624
           -1.000000                0.900000               -0.057334                0.643123
           -1.000000                1.000000                0.052782                1.017370
           -1.000000                1.100000                0.195883                1.257732
           -1.000000                1.200000                0.421987                1.708232
           -1.000000                1.300000                0.694637                2.136411
           -1.000000                1.400000                0.965592                2.657562
           -1.000000                1.500000                1.350062                3.327970
           -1.000000                1.600000                1.729010                3.824494
           -1.000000                1.700000                2.130704                4.543520
           -1.000000                1.800000                2.664858                5.976391
           -1.000000                1.900000                2.882463                6.362382
           -1.000000                2.000000                3.219165                6.535392
           -0.900000                0.000000               -0.000210                0.007004
           -0.900000                0.100000               -0.046377                0.025909
           -0.900000                0.200000               -0.085861                0.046398
           -0.900000                0.300000               -0.117750                0.068135
           -0.900000                0.400000               -0.140890                0.082251
           -0.900000                0.500000               -0.155697                0.107284
           -0.900000                0.600000               -0.157796                0.161767
           -0.900000                0.700000               -0.138678                0.324138
           -0.900000                0.800000               -0.089004                0.459856
           -0.900000                0.900000               -0.017790                0.648094
           -0.900000                1.000000                0.113670                1.103262
           -0.900000                1.100000                0.316402                1.394875
           -0.900000                1.200000                0.521944                1.848838
           -0.900000                1.300000                0.772825                2.462886
           -0.900000                1.400000                1.137502                2.767108
           -0.900000                1.500000                1.422309                3.371271
           -0.900000                1.600000                1.738767                4.140564
           -0.900000                1.700000                1.966678                4.325188
           -0.900000                1.800000                2.240844                5.005734
           -0.900000                1.900000                2.559624                6.404068
           -0.900000                2.000000                2.725178                5.938407
           -0.800000                0.000000               -0.000200                0.003270
           -0.800000                0.100000               -0.046209                0.025804
           -0.800000                0.200000               -0.084964                0.044544
           -0.800000                0.300000               -0.115416                0.062737
           -0.800000                0.400000               -0.136695                0.078035
           -0.800000                0.500000               -0.148594                0.098132
           -0.800000                0.600000               -0.146723                0.152694
           -0.800000                0.700000               -0.120651                0.259005
           -0.800000                0.800000               -0.062413                0.432788
           -0.800000                0.900000                0.047923                0.690897
           -0.800000                1.000000                0.195130                0.951828
           -0.800000                1.100000                0.378385                1.298588
           -0.800000                1.200000                0.566553                1.819774
           -0.800000                1.300000                0.827368                2.309500
           -0.800000                1.400000                1.093864                2.732236
           -0.800000                1.500000                1.278181                3.288299
           -0.800000                1.600000                1.484978                3.632196
           -0.800000                1.700000                1.698175                4.020053
           -0.800000                1.800000                1.948834                6.464398
           -0.800000                1.900000                2.090726                5.281396
           -0.800000                2.000000                2.259266                5.383399
           -0.700000                0.000000               -0.000189                0.007420
           -0.700000                0.100000               -0.046116                0.025370
           -0.700000                0.200000               -0.083651                0.042076
           -0.700000                0.300000               -0.112719                0.055893
           -0.700000                0.400000               -0.132171                0.063186
           -0.700000                0.500000               -0.139722                0.083500
           -0.700000                0.600000               -0.129114                0.144852
           -0.700000                0.700000               -0.092752                0.281803
           -0.700000                0.800000               -0.015227                0.437898
           -0.700000                0.900000                0.090203                0.680058
           -0.700000                1.000000                0.209335                0.941465
           -0.700000                1.100000                0.357358                1.309516
           -0.700000                1.200000                0.513770                1.646393
           -0.700000                1.300000                0.708542                2.226129
           -0.700000                1.400000                0.859040                2.486999
           -0.700000                1.500000                1.040101                3.246297
           -0.700000                1.600000                1.150077                3.323462
           -0.700000                1.700000                1.317082                3.812517
           -0.700000                1.800000                1.480069                4.422278
           -0.700000                1.900000                1.619414                4.679521
           -0.700000                2.000000                1.781514                5.347443
           -0.600000                0.000000               -0.000192                0.008441
           -0.600000                0.100000               -0.045446                0.026242
           -0.600000                0.200000               -0.082069                0.040422
           -0.600000                0.300000               -0.109261                0.048414
           -0.600000                0.400000               -0.125915                0.048823
           -0.600000                0.500000               -0.130267                0.053509
           -0.600000                0.600000               -0.116550                0.110796
           -0.600000                0.700000               -0.071457                0.243104
           -0.600000                0.800000               -0.011934                0.421071
           -0.600000                0.900000                0.072041                0.685307
           -0.600000                1.000000                0.170691                1.009187
           -0.600000                1.100000                0.247863                1.233417
           -0.600000                1.200000                0.378669                1.809670
           -0.600000                1.300000                0.460764                1.864239
           -0.600000                1.400000                0.573778                2.202223
           -0.600000                1.500000                0.677944                2.622787
           -0.600000                1.600000                0.820420                2.957516
           -0.600000                1.700000                0.913400                3.462953
           -0.600000                1.800000                1.082741                3.652584
           -0.600000                1.900000                1.231470                4.163035
           -0.600000                2.000000                1.360266                4.827764
           -0.500000                0.000000               -0.000283                0.007859
           -0.500000                0.100000               -0.045017                0.024327
           -0.500000                0.200000               -0.079823                0.039886
           -0.500000                0.300000               -0.105167                0.050096
           -0.500000                0.400000               -0.119994                0.032654
           -0.500000                0.500000               -0.125000                0.000000
           -0.500000                0.600000               -0.121265                0.077297
           -0.500000                0.700000               -0.108807                0.213844
           -0.500000                0.800000               -0.091888                0.389880
           -0.500000                0.900000               -0.064074                0.623538
           -0.500000                1.000000               -0.014410                0.897807
           -0.500000                1.100000                0.040037                1.123442
           -0.500000                1.200000                0.098831                1.360366
           -0.500000                1.300000                0.172097                1.576769
           -0.500000                1.400000                0.267260                1.905630
           -0.500000                1.500000                0.358931                2.167749
           -0.500000                1.600000                0.433622                2.408363
           -0.500000                1.700000                0.527773                2.672024
           -0.500000                1.800000                0.693497                3.130856
           -0.500000                1.900000                0.825547                3.653720
           -0.500000                2.000000                0.984314                3.782876
           -0.400000                0.000000               -0.000145                0.002348
           -0.400000                0.100000               -0.044249                0.022575
           -0.400000                0.200000               -0.077090                0.036124
           -0.400000                0.300000               -0.100276                0.039905
           -0.400000                0.400000               -0.121602                0.071739
           -0.400000                0.500000               -0.156046                0.103183
           -0.400000                0.600000               -0.210060                0.160228
           -0.400000                0.700000               -0.252052                0.222849
           -0.400000                0.800000               -0.269364                0.342495
           -0.400000                0.900000               -0.257443                0.507029
           -0.400000                1.000000               -0.227632                0.674827
           -0.400000                1.100000               -0.186882                0.877847
           -0.400000                1.200000               -0.127596                1.127984
           -0.400000                1.300000               -0.079169                1.320133
           -0.400000                1.400000                0.022114                1.761369
           -0.400000                1.500000                0.103159                1.787162
           -0.400000                1.600000                0.195689                2.122407
           -0.400000                1.700000                0.308849                2.366260
           -0.400000                1.800000                0.408270                2.681747
           -0.400000                1.900000                0.532410                3.028686
           -0.400000                2.000000                0.669163                3.426872
           -0.300000                0.000000               -0.000192                0.003559
           -0.300000                0.100000               -0.042884                0.021272
           -0.300000                0.200000               -0.074042                0.042900
           -0.300000                0.300000               -0.108122                0.100557
           -0.300000                0.400000               -0.199296                0.205802
           -0.300000                0.500000               -0.318741                0.227653
           -0.300000                0.600000               -0.388758                0.175085
           -0.300000                0.700000               -0.422766                0.150205
           -0.300000                0.800000               -0.425600                0.202657
           -0.300000                0.900000               -0.412663                0.308324
           -0.300000                1.000000               -0.387387                0.454430
           -0.300000                1.100000               -0.342383                0.753509
           -0.300000                1.200000               -0.299177                0.810267
           -0.300000                1.300000               -0.253897                0.987517
           -0.300000                1.400000               -0.172975                1.256323
           -0.300000                1.500000               -0.091773                1.429611
           -0.300000                1.600000               -0.015385                1.741732
           -0.300000                1.700000                0.088208                2.062524
           -0.300000                1.800000                0.174987                2.298372
           -0.300000                1.900000                0.287629                2.760076
           -0.300000                2.000000                0.445597                3.048208
           -0.200000                0.000000               -0.000179                0.003791
           -0.200000                0.100000               -0.040565                0.021113
           -0.200000                0.200000               -0.080167                0.102895
           -0.200000                0.300000               -0.240205                0.250860
           -0.200000                0.400000               -0.395779                0.268229
           -0.200000                0.500000               -0.457184                0.220084
           -0.200000                0.600000               -0.482566                0.159455
           -0.200000                0.700000               -0.492044                0.092030
           -0.200000                0.800000               -0.491681                0.053112
           -0.200000                0.900000               -0.480986                0.140803
           -0.200000                1.000000               -0.463550                0.256138
           -0.200000                1.100000               -0.433973                0.439913
           -0.200000                1.200000               -0.388380                0.630858
           -0.200000                1.300000               -0.360698                0.733572
           -0.200000                1.400000               -0.297611                0.998089
           -0.200000                1.500000               -0.223874                1.192768
           -0.200000                1.600000               -0.164219                1.368074
           -0.200000                1.700000               -0.071225                1.688523
           -0.200000                1.800000                0.023731                2.020887
           -0.200000                1.900000                0.119181                2.245598
           -0.200000                2.000000                0.235697                2.616466
           -0.100000                0.000000               -0.000183                0.003082
           -0.100000                0.100000               -0.044110                0.062236
           -0.100000                0.200000               -0.271160                0.234478
           -0.100000                0.300000               -0.345426                0.248571
           -0.100000                0.400000               -0.391657                0.242144
           -0.100000                0.500000               -0.433120                0.239478
           -0.100000                0.600000               -0.460284                0.192221
           -0.100000                0.700000               -0.484165                0.150541
           -0.100000                0.800000               -0.496194                0.079220
           -0.100000                0.900000               -0.499714                0.010682
           -0.100000                1.000000               -0.494216                0.112093
           -0.100000                1.100000               -0.476793                0.234215
           -0.100000                1.200000               -0.451852                0.375857
           -0.100000                1.300000               -0.422695                0.509581
           -0.100000                1.400000               -0.370513                0.908768
           -0.100000                1.500000               -0.324542                0.871995
           -0.100000                1.600000               -0.260109                1.122075
           -0.100000                1.700000               -0.176551                1.358278
           -0.100000                1.800000               -0.091496                1.895523
           -0.100000                1.900000               -0.004079                1.946582
           -0.100000                2.000000                0.108744                2.282133
           -0.000000                0.000000               -0.000178                0.002961
           -0.000000                0.100000               -0.094751                0.088361
           -0.000000                0.200000               -0.179509                0.159141
           -0.000000                0.300000               -0.253513                0.198682
           -0.000000                0.400000               -0.320301                0.243979
           -0.000000                0.500000               -0.373228                0.375886
           -0.000000                0.600000               -0.420085                0.231955
           -0.000000                0.700000               -0.453589                0.198809
           -0.000000                0.800000               -0.480186                0.159612
           -0.000000                0.900000               -0.493800                0.081820
           -0.000000                1.000000               -0.500000                0.000000
           -0.000000                1.100000               -0.494145                0.122126
           -0.000000                1.200000               -0.484642                0.224615
           -0.000000                1.300000               -0.458058                0.363313
           -0.000000                1.400000               -0.425468                0.517624
           -0.000000                1.500000               -0.382746                0.678279
           -0.000000                1.600000               -0.315996                1.023759
           -0.000000                1.700000               -0.255992                1.154495
           -0.000000                1.800000               -0.185043                1.585274
           -0.000000                1.900000               -0.116460                1.668187
           -0.000000                2.000000                0.006539                2.113523
            0.100000                0.000000               -0.000231                0.002682
            0.100000                0.100000               -0.062358                0.053174
            0.100000                0.200000               -0.135962                0.123547
            0.100000                0.300000               -0.206058                0.164862
            0.100000                0.400000               -0.276981                0.217543
            0.100000                0.500000               -0.332498                0.237984
            0.100000                0.600000               -0.384650                0.240314
            0.100000                0.700000               -0.425741                0.231617
            0.100000                0.800000               -0.457151                0.205611
            0.100000                0.900000               -0.480563                0.144719
            0.100000                1.000000               -0.495869                0.082567
            0.100000                1.100000               -0.500020                0.007251
            0.100000                1.200000               -0.494203                0.109942
            0.100000                1.300000               -0.478054                0.240295
            0.100000                1.400000               -0.456279                0.368751
            0.100000                1.500000               -0.421470                0.534721
            0.100000                1.600000               -0.370977                0.730142
            0.100000                1.700000               -0.332170                0.914187
            0.100000                1.800000               -0.249529                1.209548
            0.100000                1.900000               -0.193558                1.391360
            0.100000                2.000000               -0.095295                1.769817
            0.200000                0.000000               -0.000209                0.004686
            0.200000                0.100000               -0.056311                0.042534
            0.200000                0.200000               -0.120215                0.098989
            0.200000                0.300000               -0.185459                0.154350
            0.200000                0.400000               -0.248208                0.198685
            0.200000                0.500000               -0.309345                0.248723
            0.200000                0.600000               -0.358087                0.252879
            0.200000                0.700000               -0.402899                0.245732
            0.200000                0.800000               -0.441612                0.251565
            0.200000                0.900000               -0.467277                0.192984
            0.200000                1.000000               -0.488587                0.158023
            0.200000                1.100000               -0.498969                0.079538
            0.200000                1.200000               -0.499033                0.025491
            0.200000                1.300000               -0.491098                0.122622
            0.200000                1.400000               -0.473088                0.248233
            0.200000                1.500000               -0.448631                0.389953
            0.200000                1.600000               -0.408014                0.585645
            0.200000                1.700000               -0.353126                0.826583
            0.200000                1.800000               -0.306730                0.903546
            0.200000                1.900000               -0.235762                1.242601
            0.200000                2.000000               -0.175048                1.364043
            0.300000                0.000000               -0.000216                0.006342
            0.300000                0.100000               -0.053857                0.038936
            0.300000                0.200000               -0.112548                0.089298
            0.300000                0.300000               -0.173507                0.139476
            0.300000                0.400000               -0.234771                0.227801
            0.300000                0.500000               -0.288945                0.228601
            0.300000                0.600000               -0.342158                0.249307
            0.300000                0.700000               -0.385406                0.256476
            0.300000                0.800000               -0.426373                0.268737
            0.300000                0.900000               -0.455529                0.234038
            0.300000                1.000000               -0.477716                0.189386
            0.300000                1.100000               -0.492769                0.138371
            0.300000                1.200000               -0.499325                0.075138
            0.300000                1.300000               -0.496372                0.051854
            0.300000                1.400000               -0.484947                0.151177
            0.300000                1.500000               -0.460247                0.295742
            0.300000                1.600000               -0.432104                0.601079
            0.300000                1.700000               -0.400632                0.598998
            0.300000                1.800000               -0.344703                0.759302
            0.300000                1.900000               -0.281461                1.001346
            0.300000                2.000000               -0.223558                1.197044
            0.400000                0.000000               -0.000408                0.002858
            0.400000                0.100000               -0.052276                0.037006
            0.400000                0.200000               -0.108944                0.085263
            0.400000                0.300000               -0.166149                0.138841
            0.400000                0.400000               -0.222144                0.182022
            0.400000                0.500000               -0.276524                0.224165
            0.400000                0.600000               -0.324878                0.241639
            0.400000                0.700000               -0.370565                0.266164
            0.400000                0.800000               -0.409421                0.279974
            0.400000                0.900000               -0.445579                0.256570
            0.400000                1.000000               -0.467409                0.222080
            0.400000                1.100000               -0.486414                0.180276
            0.400000                1.200000               -0.495856                0.121018
            0.400000                1.300000               -0.498192                0.066636
            0.400000                1.400000               -0.491158                0.084672
            0.400000                1.500000               -0.476419                0.186650
            0.400000                1.600000               -0.450626                0.419728
            0.400000                1.700000               -0.412103                0.483406
            0.400000                1.800000               -0.374801                0.649031
            0.400000                1.900000               -0.325937                0.814379
            0.400000                2.000000               -0.251197                1.008297
            0.500000                0.000000               -0.000190                0.003301
            0.500000                0.100000               -0.051631                0.034996
            0.500000                0.200000               -0.105413                0.079315
            0.500000                0.300000               -0.161230                0.132570
            0.500000                0.400000               -0.215592                0.198995
            0.500000                0.500000               -0.269347                0.237139
            0.500000                0.600000               -0.315825                0.250784
            0.500000                0.700000               -0.361177                0.280944
            0.500000                0.800000               -0.397282                0.265732
            0.500000                0.900000               -0.433238                0.278532
            0.500000                1.000000               -0.462046                0.271633
            0.500000                1.100000               -0.481620                0.249280
            0.500000                1.200000               -0.493182                0.200433
            0.500000                1.300000               -0.497608                0.125468
            0.500000                1.400000               -0.494226                0.080065
            0.500000                1.500000               -0.482058                0.124374
            0.500000                1.600000               -0.464075                0.230986
            0.500000                1.700000               -0.434360                0.352536
            0.500000                1.800000               -0.395371                0.527755
            0.500000                1.900000               -0.354008                0.656309
            0.500000                2.000000               -0.295943                0.861250
            0.600000                0.000000               -0.000256                0.002678
            0.600000                0.100000               -0.051069                0.033630
            0.600000                0.200000               -0.103698                0.076485
            0.600000                0.300000               -0.157181                0.127355
            0.600000                0.400000               -0.209156                0.167189
            0.600000                0.500000               -0.260438                0.225023
            0.600000                0.600000               -0.306838                0.247194
            0.600000                0.700000               -0.352225                0.282953
            0.600000                0.800000               -0.391492                0.288403
            0.600000                0.900000               -0.423341                0.278625
            0.600000                1.000000               -0.450531                0.295175
            0.600000                1.100000               -0.471215                0.253285
            0.600000                1.200000               -0.489381                0.236351
            0.600000                1.300000               -0.494695                0.173881
            0.600000                1.400000               -0.495507                0.123824
            0.600000                1.500000               -0.487649                0.118623
            0.600000                1.600000               -0.471365                0.168102
            0.600000                1.700000               -0.448692                0.277615
            0.600000                1.800000               -0.414306                0.423161
            0.600000                1.900000               -0.370006                0.574205
            0.600000                2.000000               -0.332817                0.711754
            0.700000                0.000000               -0.000205                0.003884
            0.700000                0.100000               -0.050474                0.033593
            0.700000                0.200000               -0.102059                0.074870
            0.700000                0.300000               -0.154332                0.127118
            0.700000                0.400000               -0.204821                0.162689
            0.700000                0.500000               -0.254997                0.211191
            0.700000                0.600000               -0.300105                0.247048
            0.700000                0.700000               -0.346787                0.275216
            0.700000                0.800000               -0.385106                0.319939
            0.700000                0.900000               -0.415981                0.304174
            0.700000                1.000000               -0.443976                0.304504
            0.700000                1.100000               -0.466434                0.277652
            0.700000                1.200000               -0.483322                0.295321
            0.700000                1.300000               -0.493110                0.213506
            0.700000                1.400000               -0.494107                0.174438
            0.700000                1.500000               -0.489530                0.129331
            0.700000                1.600000               -0.478436                0.149356
            0.700000                1.700000               -0.455139                0.217070
            0.700000                1.800000               -0.420929                0.338018
            0.700000                1.900000               -0.386251                0.487662
            0.700000                2.000000               -0.347100                0.628035
            0.800000                0.000000               -0.000178                0.002993
            0.800000                0.100000               -0.050545                0.033310
            0.800000                0.200000               -0.101475                0.071403
            0.800000                0.300000               -0.151906                0.144719
            0.800000                0.400000               -0.202071                0.165329
            0.800000                0.500000               -0.249624                0.196346
            0.800000                0.600000               -0.295664                0.255851
            0.800000                0.700000               -0.340382                0.360608
            0.800000                0.800000               -0.374839                0.295835
            0.800000                0.900000               -0.409543                0.304011
            0.800000                1.000000               -0.438591                0.317337
            0.800000                1.100000               -0.464065                0.361102
            0.800000                1.200000               -0.480323                0.308435
            0.800000                1.300000               -0.487511                0.242321
            0.800000                1.400000               -0.493561                0.213697
            0.800000                1.500000               -0.489971                0.184306
            0.800000                1.600000               -0.479699                0.161952
            0.800000                1.700000               -0.463123                0.197040
            0.800000                1.800000               -0.439033                0.272666
            0.800000                1.900000               -0.401860                0.396454
            0.800000                2.000000               -0.363459                0.529316
            0.900000                0.000000               -0.000167                0.001753
            0.900000                0.100000               -0.050257                0.032466
            0.900000                0.200000               -0.100691                0.074695
            0.900000                0.300000               -0.150370                0.116748
            0.900000                0.400000               -0.199123                0.167299
            0.900000                0.500000               -0.245379                0.204215
            0.900000                0.600000               -0.291399                0.247286
            0.900000                0.700000               -0.331057                0.266253
            0.900000                0.800000               -0.369941                0.316848
            0.900000                0.900000               -0.402862                0.320810
            0.900000                1.000000               -0.432303                0.329626
            0.900000                1.100000               -0.457678                0.354873
            0.900000                1.200000               -0.472862                0.304586
            0.900000                1.300000               -0.488798                0.326185
            0.900000                1.400000               -0.489579                0.273795
            0.900000                1.500000               -0.491214                0.251295
            0.900000                1.600000               -0.482727                0.193038
            0.900000                1.700000               -0.467969                0.203230
            0.900000                1.800000               -0.445091                0.244224
            0.900000                1.900000               -0.414623                0.333890
            0.900000                2.000000               -0.373517                0.458402
            1.000000                0.000000               -0.000177                0.003738
            1.000000                0.100000               -0.050100                0.032733
            1.000000                0.200000               -0.099844                0.075148
            1.000000                0.300000               -0.148893                0.114375
            1.000000                0.400000               -0.195855                0.153015
            1.000000                0.500000               -0.243475                0.208556
            1.000000                0.600000               -0.286891                0.250159
            1.000000                0.700000               -0.328370                0.278855
            1.000000                0.800000               -0.364087                0.298990
            1.000000                0.900000               -0.397091                0.308474
            1.000000                1.000000               -0.428903                0.383585
            1.000000                1.100000               -0.449846                0.356134
            1.000000                1.200000               -0.468227                0.329212
            1.000000                1.300000               -0.485427                0.323532
            1.000000                1.400000               -0.485709                0.276513
            1.000000                1.500000               -0.489237                0.263380
            1.000000                1.600000               -0.483662                0.238665
            1.000000                1.700000               -0.469608                0.222936
            1.000000                1.800000               -0.448898                0.260713
            1.000000                1.900000               -0.421728                0.301578
            1.000000                2.000000               -0.385551                0.399271